
[1] 1 1
[4] 2 4
[9] 3 9

[0, 0, 1] 10 100
[1, 1, 2] 11 121
[1, 4, 4] 12 144
[1, 6, 9] 13 169
[1, 6, 9] 14 196
[2, 2, 5] 15 225
[2, 5, 6] 16 256
[2, 8, 9] 17 289
[2, 3, 4] 18 324
[1, 3, 6] 19 361
[0, 0, 4] 20 400
[1, 4, 4] 21 441
[4, 4, 8] 22 484
[2, 5, 9] 23 529
[5, 6, 7] 24 576
[2, 5, 6] 25 625
[6, 6, 7] 26 676
[2, 7, 9] 27 729
[4, 7, 8] 28 784
[1, 4, 8] 29 841
[0, 0, 9] 30 900
[1, 6, 9] 31 961

[0, 0, 1, 6, 9] 103 10609
[0, 0, 1, 6, 9] 130 16900
[0, 0, 1, 6, 9] 140 19600
[0, 0, 1, 6, 9] 247 61009
[0, 0, 1, 6, 9] 301 90601
[0, 0, 1, 6, 9] 310 96100

[0, 0, 0, 0, 1, 6, 9] 1003 1006009
[0, 0, 0, 0, 1, 6, 9] 1030 1060900
[0, 0, 0, 0, 1, 6, 9] 1300 1690000
[0, 0, 0, 0, 1, 6, 9] 1400 1960000
[0, 0, 0, 0, 1, 6, 9] 2470 6100900
[0, 0, 0, 0, 1, 6, 9] 3001 9006001
[0, 0, 0, 0, 1, 6, 9] 3010 9060100
[0, 0, 0, 0, 1, 6, 9] 3100 9610000

[0, 0, 0, 0, 0, 0, 1, 6, 9] 10003 100060009
[0, 0, 0, 0, 0, 0, 1, 6, 9] 10030 100600900
[0, 0, 0, 0, 0, 0, 1, 6, 9] 10300 106090000
[0, 0, 0, 0, 0, 0, 1, 6, 9] 13000 169000000
[0, 0, 0, 0, 0, 0, 1, 6, 9] 14000 196000000
[0, 0, 0, 0, 0, 0, 1, 6, 9] 24700 610090000
[0, 0, 0, 0, 0, 0, 1, 6, 9] 30001 900060001
[0, 0, 0, 0, 0, 0, 1, 6, 9] 30010 900600100
[0, 0, 0, 0, 0, 0, 1, 6, 9] 30100 906010000
[0, 0, 0, 0, 0, 0, 1, 6, 9] 31000 961000000

[0, 0, 0, 0, 0, 0, 0, 0, 1, 6, 9] 100003 10000600009
[0, 0, 0, 0, 0, 0, 0, 0, 1, 6, 9] 100030 10006000900
[0, 0, 0, 0, 0, 0, 0, 0, 1, 6, 9] 100300 10060090000
[0, 0, 0, 0, 0, 0, 0, 0, 1, 6, 9] 103000 10609000000
[0, 0, 0, 0, 0, 0, 0, 0, 1, 6, 9] 130000 16900000000
[0, 0, 0, 0, 0, 0, 0, 0, 1, 6, 9] 140000 19600000000
[0, 0, 0, 0, 0, 0, 0, 0, 1, 6, 9] 247000 61009000000
[0, 0, 0, 0, 0, 0, 0, 0, 1, 6, 9] 300001 90000600001
[0, 0, 0, 0, 0, 0, 0, 0, 1, 6, 9] 300010 90006000100
[0, 0, 0, 0, 0, 0, 0, 0, 1, 6, 9] 300100 90060010000
[0, 0, 0, 0, 0, 0, 0, 0, 1, 6, 9] 301000 90601000000
[0, 0, 0, 0, 0, 0, 0, 0, 1, 6, 9] 310000 96100000000

[0, 0, 0, 0, 0, 0, 0, 0, 0, 0, 1, 6, 9] 1000003 1000006000009
[0, 0, 0, 0, 0, 0, 0, 0, 0, 0, 1, 6, 9] 1000030 1000060000900
[0, 0, 0, 0, 0, 0, 0, 0, 0, 0, 1, 6, 9] 1000300 1000600090000
[0, 0, 0, 0, 0, 0, 0, 0, 0, 0, 1, 6, 9] 1003000 1006009000000
[0, 0, 0, 0, 0, 0, 0, 0, 0, 0, 1, 6, 9] 1030000 1060900000000
[0, 0, 0, 0, 0, 0, 0, 0, 0, 0, 1, 6, 9] 1300000 1690000000000
[0, 0, 0, 0, 0, 0, 0, 0, 0, 0, 1, 6, 9] 1400000 1960000000000
[0, 0, 0, 0, 0, 0, 0, 0, 0, 0, 1, 6, 9] 2470000 6100900000000
[0, 0, 0, 0, 0, 0, 0, 0, 0, 0, 1, 6, 9] 3000001 9000006000001
[0, 0, 0, 0, 0, 0, 0, 0, 0, 0, 1, 6, 9] 3000010 9000060000100
[0, 0, 0, 0, 0, 0, 0, 0, 0, 0, 1, 6, 9] 3000100 9000600010000
[0, 0, 0, 0, 0, 0, 0, 0, 0, 0, 1, 6, 9] 3001000 9006001000000
[0, 0, 0, 0, 0, 0, 0, 0, 0, 0, 1, 6, 9] 3010000 9060100000000
[0, 0, 0, 0, 0, 0, 0, 0, 0, 0, 1, 6, 9] 3100000 9610000000000
