5000
814759326
349762158
968742153
348752961
249368715
324768159
263579418
287691354
367541892
423856719
452168937
739154286
928761435
249781536
635782941
723651984
617839254
926318547
146598723
218734695
531749286
714362598
623491857
294738651
189723546
719852346
482379516
583296417
432567189
754812369
372549861
724361958
386721594
672384915
893264175
189754263
287931456
861293745
942178653
972534681
654731829
831642795
461837259
189624573
326195478
578936421
356189472
529738416
981326547
913857246
416398752
836745912
892756431
638415297
712658349
518329674
193684257
836917425
587392641
196832547
576394281
375916482
279641853
675841239
294183765
612384795
687341952
813759426
465382719
692358147
159728643
897325146
486739251
579861234
193562874
145278693
135426879
146738295
792531486
916538472
397218456
243659718
831594267
795843261
152496387
438715629
586321794
186297354
724159368
561384279
632417859
346827159
248693751
197653428
192347658
143967852
185276394
732869154
896237541
712938654
381794256
863971245
259417368
815934276
549786132
438679125
157462983
971426853
738624591
269517843
391745268
791243568
745962381
931847625
217358694
945378612
721498536
528364791
819273645
417865329
468219357
843921657
463189275
426173985
285194736
948721563
923761845
419687253
172386459
382175649
192438675
978356412
738941562
439758126
428369751
382961475
874361259
571936428
974853261
318957642
695234718
716958324
465879231
421658793
498571632
824195367
936754281
127583946
745891263
549316872
746321589
453197682
219563847
651879432
978135624
936427518
926347851
379562814
583164297
321589764
951872643
371692548
196234758
832451679
562491387
382476951
497586213
174239568
521346789
678421935
682439517
273596481
634985271
947162358
982641357
593471286
381627594
548769123
145923867
753169842
462839571
714289365
837154962
951683427
497831652
674312985
248156739
481263795
357812964
632495871
264518379
583671249
915238746
321748569
967352148
597824631
625983714
675384912
561347928
472361985
358296741
284917356
832149567
371895426
425761398
983214576
745936218
517342896
974561283
547812396
761984352
536891274
512869374
164972358
846921735
853167924
845367192
857234916
172345689
579681423
265981374
567128439
621754398
619273458
538924167
468975321
941286375
349682175
597148263
984621573
385612974
563174892
973815624
943516287
283764591
389267145
184297356
359817426
281457639
435827961
257913684
597826431
537429186
164257389
692478153
896217534
429785613
257931684
957164832
234685917
678254391
579846231
124876593
678439512
873296451
217894356
789412356
295861734
246718539
234679851
913756842
146852379
936528714
924175863
198437265
784356912
492387165
418796532
437528196
645789231
537946821
286415937
789612453
647251983
918573264
726493851
179348562
638241597
625841379
285731469
782913546
719342865
617428593
847526319
654293718
395762184
264593781
419687532
621938574
938624157
742863951
798653412
732816954
673148925
813597462
592736481
681537429
937245168
148263957
658931247
284197356
824716539
415893726
629587341
261597384
749256831
482597631
648253971
315789624
942856371
136587492
356814972
847962531
691234758
698572134
682379451
673251948
196457238
915734826
548631297
246598173
847326159
736182954
983462517
712456983
421895367
574629138
278453916
274936581
369258471
184976253
134978652
384579261
734815269
532189467
948351627
758314269
915746382
658921734
651298437
687942315
139862457
327681945
923458716
125734986
718246395
675948213
271368954
795123468
649123857
398752461
713864925
513264798
721349658
657319824
923145678
298153674
215479836
756829413
845672319
283647195
437291658
261785493
789461325
483976125
438795261
479382156
982374615
184563279
725194836
246783591
378526914
517486932
397681425
789526413
532746198
953618427
613279584
791835624
791563284
935248617
538492176
964357182
456983721
895647123
238614597
762915438
175892364
216897345
986752413
965431728
419726853
795863124
516382794
568941372
752498136
897134256
318745926
841263597
789135462
468592371
143562789
391465827
419853627
327516984
435817269
721693854
287461395
461592378
239145687
879562143
765391482
487963521
268537419
139865247
341875692
691528734
482671953
984325167
783645129
214673985
587624319
684712593
142398657
186943257
921674835
985264371
267843915
795324168
865947132
197628453
941853762
732495816
418972536
536249817
364215789
964513287
752984163
378924615
148326759
541398267
647215398
975216438
124695378
789463512
346175892
271498635
519372468
594628371
734165289
349158726
957362418
768195342
394187526
413972568
426873591
346295718
529314786
857241936
614853927
746193258
563124879
672891354
568213497
173298546
497312865
594173682
673915248
132798456
789316245
675219384
275918463
764598213
938426571
839564271
956347812
265479183
215978364
921385647
138596274
263159487
473615289
819362745
823564791
849236751
452198763
693214578
381647295
213647859
872396514
895413276
746831952
538129764
984671523
539128764
936417582
634295178
179563248
564281397
765934812
416382795
281739645
841967253
942185367
481529637
931258674
986317542
714256893
927451683
841563792
648129375
365894721
129753468
784123956
579134682
658274319
471639285
492816753
693415278
368951427
953216478
458617932
675389124
872514936
623984157
487135962
264957183
517843296
568194237
297841653
635981274
457312869
659283147
875349216
526174839
726381495
738691245
123489765
632745189
183945762
517942368
237865914
386417952
951273486
965183427
428135967
624938175
357826491
485791362
374689512
428963751
697841325
194375826
932785416
314692758
259461783
578934162
164395827
715239864
217694835
897641523
317598624
761834925
149286573
549623178
795413268
341658792
276183594
982564713
396742851
253814796
265198347
531497628
275634981
873259614
783964152
356219847
325964817
346519872
174638259
481563279
352189746
471285936
681254793
761294358
847256139
627135984
764518239
964538271
416529738
581236479
875296143
674851923
957462183
684239571
528946731
534897621
792641538
962453817
287964531
431259678
362478195
738296541
518479623
312864975
783541926
537926148
248975613
924583167
724315896
965143872
974315862
146932578
419258637
581346279
564189732
728419563
593782164
826395471
852371964
721964853
614325987
279431865
846725391
385926714
812693475
875369241
523964781
943215687
837529164
142386579
983742561
463815297
745319628
739865124
964135827
675314289
416873529
954832761
542839176
453726198
216489735
134529768
536824719
142658379
631587924
857934612
873194265
769143825
593261478
169857342
218654397
482957316
251964783
137864925
734659218
764315829
321695874
453182967
932478516
738596412
542317698
612543798
513827649
549127386
536289471
324867159
871425936
832594671
936584271
241853769
472938156
819743526
865972431
674895321
865137492
268735914
854312976
728156493
826193754
456823719
612357498
569827134
347256198
629543178
149832756
248967351
412968573
367825149
476351298
321956847
625378419
642371859
786531942
823614759
578912643
926374185
635718942
652918734
728956143
239465871
928675143
381762945
931278465
279654813
187435269
129675483
614573829
281465793
325798416
643721985
317245689
798536124
985476231
465219378
912384657
978415632
785641293
149257368
193765428
374129685
534962817
394618275
789625134
364951782
657431928
247953168
248513679
697125843
592678134
721395864
582974613
967813425
816753942
876295413
261594387
135647928
367592481
259738416
561932784
291358764
239654781
429713568
261495378
941827356
893514276
917623548
257936841
819437562
526347981
947386251
473186952
125394678
386975421
368457219
354172689
832417965
314297658
184592673
375682914
931584276
598413762
952147863
698134275
372541986
957216483
852691734
948572361
736214859
152763894
697514328
419378265
358742619
581432967
548327196
185679432
614327598
437586921
296834571
537186429
485732169
827439516
619527348
876253941
297513486
618435297
834967251
253178649
876925413
679231854
421856793
457891623
716549823
729856143
253174698
524796831
578436912
725614389
614329578
543197826
265497813
286195473
947126538
913567824
639825741
792684351
389672145
756943812
495716823
361547289
315864279
756239481
593781246
849615327
956234871
859217436
329584617
457968321
391752468
168724935
847296135
836724951
328457169
923715864
963725481
148927653
791685432
461925837
573186942
763895241
961574832
643598721
261459873
936725184
869453721
189765342
321654897
692147358
296431875
342578691
728359614
829156374
982345176
178295364
695482731
913674825
582976341
895627431
279538146
173982645
479681235
486519273
415876923
926473851
791623845
381942765
386514792
842739561
863197254
285146937
647315289
986512473
627951834
927831564
682491753
864957123
562379418
451278963
536894271
379461528
962857314
357486219
732584619
625193847
953874216
596287341
192453768
139258476
645271893
875329416
729148536
953647281
594762831
159862347
829657143
398427165
261739548
548937261
762359184
816423957
752413896
986752314
315748269
421783596
128563947
146392578
182364597
693275148
865172394
284615973
236457981
174826395
823971546
189735462
186937254
312964758
975642318
537146298
521769438
845639271
789541236
942815637
873541269
762518943
371286954
176249385
623571948
831749526
639125784
761853294
639175842
695123478
461853927
428619375
528316794
523891476
652973184
598742316
451397862
137249568
278539416
475863921
179365248
726391485
835497126
167859324
725149368
416582379
759364218
193582674
651378294
456389721
691528374
794563821
194763258
597623184
638547291
327615849
295713486
329876514
926584137
392684751
479823651
813425967
821475369
571264983
234658719
342795816
143628975
176492853
693215478
613895472
143897625
752914638
946137285
514896372
786295341
259418637
918362745
354826791
352716498
867923145
796285431
957634821
314856792
735182496
591742683
928156437
234581679
913682475
297148563
128793564
152784963
831659472
789412563
781263549
379264158
752438691
596371482
843916752
483972156
619872354
817639452
368195724
519347286
632719854
136527948
796415238
496387152
164293785
247618935
184235679
816792354
314897265
215843967
812675493
328945671
539647281
831592746
263579814
347629158
817529634
835419627
586731294
594817632
243761958
684392571
658729341
496712385
325789614
182495763
812795643
723651498
763295184
924735681
483916725
783169524
785692341
172839546
954738216
936812745
596843127
796158423
486127539
681735924
945368721
245319768
627543981
213496785
481536297
267491358
347698251
176934258
921468375
729863514
371428596
281794536
542816793
395276841
758261943
519723486
326941785
871593624
194372865
468915732
631984275
612857943
763458912
146938572
615728439
684137592
498137526
985234716
583619724
296841735
238576941
894137526
719542638
261539487
834795621
951832764
162943587
645798321
693278541
412637985
278615349
691834572
367194528
763829415
435976281
938612547
246159387
912637485
658197432
827914536
731685924
683715249
947168325
379524618
185943726
754162389
945182376
716382549
764523918
782563194
273618945
671485293
247815369
564123789
165732984
237486591
421365897
798514632
158472369
894137652
523948761
768521394
845793216
124389765
735624918
532648719
312468957
978234615
526948173
165398247
561724839
967153248
653214978
219376584
165937842
571943862
513862974
985723461
396785142
314697285
841953267
789126435
493586127
678459213
716829534
894316725
276143985
821954376
296783415
619742583
563791824
159738462
529187364
972835614
152869374
976354218
649157238
928753416
849172653
793652481
856321794
719642583
649853217
385627491
429786153
389456721
764581329
978162543
967421358
736184592
463927851
275613948
687521439
852964137
352469718
216897534
127469835
846571329
857934621
785932416
215843976
832561947
325174968
271963584
495328761
764931285
594123687
982173645
326175948
148379562
692457813
927534681
876293154
567238914
682573914
758194623
253184679
391685724
241593786
672819435
491683572
236159748
863527914
341586972
419356782
754136829
871342569
471352968
167945283
271843956
832164579
967431528
723145689
175946238
847125936
495387261
982431576
372549816
467893125
678539142
486571923
276135489
548269371
264381975
426983175
927586143
514279638
143952876
145397862
352498671
165932487
792546138
678534291
417925368
254169387
761853249
954812367
894257613
329475186
784261953
953827416
724968315
154239876
735942861
624183597
461579382
148239576
738916542
218497563
851746932
637281549
734598216
487926513
936825471
563489271
718963452
275138469
871653429
368715249
619458237
427581936
486791325
382916745
276149853
241395876
754891236
913874562
642917385
967324851
496317285
784935621
598361724
138269475
197623584
786391452
174865932
927486351
823751496
379165842
247361598
926875314
346578129
835649271
634578291
345678192
254783961
178924365
593276418
184329675
654927831
172396458
527914863
485761932
562387194
861947325
761498352
493512786
861239574
652937841
973546281
721486593
724596813
672345819
984237561
267914583
271953648
975846231
135872469
875463921
718536294
385297461
385419762
613782945
836519274
184732596
765928431
864192753
368417592
758496231
681739245
719643285
142865793
423681957
347916852
893256714
487361925
364925178
837592146
465317289
182639574
784521396
472518693
631275894
216859437
485792361
278536941
764138592
198524637
437518269
327854916
814972653
731642598
284167539
148675932
814329765
189537462
214869357
769123584
842657391
469253871
592684317
159384276
529483617
458916273
285967134
487596321
895672413
516728934
367184952
536942781
248159673
617934528
156973842
382519647
493586721
136478295
158937426
237654819
126758943
824915763
549726831
138596247
361472598
459271368
496253817
263147985
519687423
873419256
415978623
376419285
623894157
824361957
287956143
925164837
572936418
582734196
461953872
679235814
172483956
961423587
287931645
721893645
795613482
435279186
387941265
935842671
512438976
297841563
847936215
843592671
942876513
418379256
654382197
679132854
324581796
497681235
631947825
972843651
126493587
731482695
162845739
928735614
391857642
975384621
684729531
648317952
362185479
612348597
194532786
795642318
534612789
397825461
187394625
634971852
695487213
936741825
654732891
976354182
851936274
675412389
291845367
691482537
178236459
627419538
163428759
586291734
125349768
956138247
728459163
624137958
462879315
817296435
132849657
319458627
678413925
843719562
382619457
417562389
472613589
485279316
196384752
561327489
496325871
178439562
246785391
682471395
728534196
278135964
283954671
536917842
145683972
974683215
132784965
971346285
291345867
583741629
145693728
684327159
432518976
182645739
792358614
384675129
918365742
452381796
824165973
963847521
897316425
726531849
241365987
291684735
941367528
743261958
784652931
639415827
126379485
158792346
436928751
975413826
319674852
195283476
469758213
815234967
641832795
257814639
352194687
251479683
285619473
741659283
648753129
724183695
981735624
678251439
324976815
382597641
249678513
542983176
471986325
578931426
296574831
239651487
649317528
498126357
658394712
467519328
352471986
651792348
936512487
739845162
351278649
962135748
936718524
625794318
152894673
527968431
267913458
914263857
371426859
386721459
934687215
328145697
329758461
381265794
871263459
145382967
867249531
632719854
571423689
239461578
145936827
426871953
176429835
528976413
152364987
643218957
759213468
356274981
125986743
387924651
947261853
762345918
182754963
726435198
369175482
846352791
864972315
692184753
753268491
172358496
315248976
625483917
129763854
741536982
427639581
682739154
658943721
378451296
419753286
137958264
521649378
627835491
547692138
143798625
827396541
734169852
864531279
593864127
893742516
395642718
276439581
249136587
578462931
389512476
952318746
754623918
789645321
493752816
657324918
856394127
825613794
984763152
897165432
537194826
842673519
724963815
428369571
458736219
678124395
953746182
917856234
389547126
857361942
235647891
495138267
851439627
123958476
435196872
513476289
935827614
954261837
516423798
241587963
264975813
892614537
974186523
817239465
798123645
782915643
817963524
318945276
385642917
184729356
628174359
167352498
635819472
876943215
783159426
936125478
582691437
854239617
871643925
451869327
134296578
468251397
287359164
592783416
691453278
793268415
692475381
859243176
465273981
198523647
384169527
431862975
325649187
236574981
214378956
934728615
176438529
947531826
354792861
234186975
614358927
925613847
432958617
741863259
283691547
285647319
168493527
845927316
614583729
467983125
314289765
462359817
621857349
946832517
673954182
257638149
754132689
462359871
175694382
735941628
856319724
973254816
982671435
845731692
432856197
246893715
369742581
651872934
835697241
496153278
932654178
463589127
159864723
372861945
915863427
749215386
914867523
674259318
241763895
765324819
764291385
256831479
217396485
238945617
172589364
428196573
189734625
389154267
437681925
563918742
254713986
382917546
672415983
387124596
187925643
712985463
741586392
167598423
431652897
438129756
467253819
986173254
692517438
281475963
519824637
897134265
218963745
791362548
618579342
793685421
127386954
791564832
752614839
943281765
182469753
178935642
197623584
278641359
617423589
874912635
791483562
675184293
546289371
162374958
849561237
819246735
761852349
329578146
364259718
873145692
372485691
937182564
169247835
946827351
825914637
386541279
435867291
824613975
614382795
428173695
348297156
725163849
483761952
952461783
521893467
692473185
354916827
691375482
378126549
251698473
326857194
762189435
134562978
791364825
713694825
614327985
389214765
541987263
357814692
498612357
267159438
154789236
435897612
869347152
517348962
432169857
793168452
263547198
265184379
156482937
519628734
173829564
978251463
314795268
359674812
134582769
531629847
952386471
489751236
831764925
973214856
358671249
642958317
876329154
246135987
634297158
251697843
268794513
368729514
713486592
938751246
917645238
586413927
874953621
748162593
849213765
458792361
625398741
287413596
729614385
162379485
358214679
791526348
913756248
837215496
928456137
863754291
148573962
235916748
498327516
628341957
168729534
573162489
465182973
236918547
947281536
917654823
467819325
317926458
374851692
276518943
845296173
897532641
514376289
726194853
128439765
294167853
846392175
158493267
249187635
247598316
564827193
627594813
695813274
832715469
739164852
519287346
982476315
349218657
872316945
835294761
165928734
347589162
382674915
672935418
532798614
384127569
274839165
853146792
293685174
142598673
542897316
291645378
436128579
784365219
741953826
187395642
913568274
136897245
982637154
871246539
362189547
698513274
672413985
348671295
851964327
835741926
149328675
547389216
942857613
759163842
534279186
713682495
587312496
593264187
352468791
975213648
259846137
827591643
875436912
738216549
382765941
197654382
238146975
962548713
941268735
613745298
851963247
987135246
759264138
635982174
283614759
321965487
719258643
754893216
487251693
452189673
327654918
312659874
648571932
973642815
631845792
431867259
462893751
945827631
847569321
914538627
497153682
149258736
758912634
659138742
518463792
169745238
513789624
596137284
842937561
182379645
538162974
537619428
716493852
813467295
863429517
541376892
941768235
587124396
284153967
428761935
328957641
279415368
678241953
415679832
938641275
196342875
241985763
257946318
134895762
396257418
413629758
195872436
347926815
167325489
213495867
392654817
742391685
638127459
173468529
924175386
963187245
793452861
461853792
731465892
921547386
174639582
347268195
158296374
619543278
527693481
749835261
743159682
658317429
523781694
645219378
578924613
698317452
184629753
519283476
421578963
854167239
165834792
248365791
584971362
984217536
748215936
825416973
951762348
253197864
198634572
714296583
714359862
453681792
541386729
647381529
578349216
915238674
358469172
327481596
758396142
287196534
957314862
786341259
736481592
215479683
126359487
381562479
695728314
589376421
842539671
941562387
481326579
597318246
796512438
751864923
425839716
418395762
542178936
319624785
249578613
852173496
768149352
461785392
826134975
918634572
763945218
968137452
769518342
159784236
152934876
427951368
428913657
143927685
672953184
685429173
356948712
941586372
879164253
691254873
769482135
523819764
968752341
341695827
246759813
137548962
645128973
283154697
534187692
372814695
213598746
183764592
257864913
213795486
781253964
927836154
745832916
869374521
245981763
159428673
356974128
293571648
496758213
236591487
879362541
374612589
349751862
476951283
518267394
649172385
475913826
429578631
965347218
786125439
513864972
981462375
689317245
168592734
586217943
968513724
431895762
498267531
534671829
975823416
427638915
536974812
492178635
835196247
846712935
823596471
726938415
179436825
314957268
167385294
873916254
379284516
426597318
648179235
546913287
276385149
154632789
684527193
964178532
421639875
168394572
697832154
975261843
637859412
783924615
231597648
853476192
621945738
816945732
367812594
759142368
164572389
172689453
435816729
629371584
679351284
215983467
237896415
159482673
879514326
653284179
427638915
836492175
832416579
187456239
974168532
643951278
837496521
824695173
615473298
364895721
183695742
485926713
867145392
836291547
839625714
346712985
831426957
759613428
943276185
683157924
713285946
597628134
827364591
729846135
185746392
869421753
873152496
724319586
615237984
748163529
916243785
613498275
734169852
136942587
796354128
765891342
283516974
174852963
483127659
968274531
942573861
183467925
359217486
746239815
973281456
476185329
986523147
786431529
859476312
618945732
295341687
842357961
968473512
237495618
475293681
378952146
231578469
198275364
349762518
536249718
721963458
637518924
397564218
438126957
376492581
723548196
246198735
658931742
568943127
983467521
941582376
482973615
215847936
396715248
879621534
842915763
824316975
546987312
215847369
132547896
574298361
419763825
483576912
287461539
381546927
981423657
154679382
346189725
543816279
641527893
375981624
317285649
693215748
682931745
958463217
469731285
389146275
123946578
543968271
462813597
243796581
763152849
325974186
532916478
213576984
837219645
872614395
374561892
197658342
372895461
169478325
867459312
862347195
974623518
817623459
892137456
794821365
634927185
238649175
251873946
285639147
583142769
365721948
231785964
754163892
312645897
145982376
236514879
762918435
154897236
367594812
176453982
781652394
932856417
814567239
863591274
527348619
347859261
987136425
372841569
981425673
817934562
367849152
381524769
934251768
937842651
925648371
932864175
624873519
298376415
543697821
786123954
218935746
418967523
136729548
917685324
741953268
654291387
876132945
763498125
726493581
159762843
267543891
728591634
983416572
152439687
528174639
156928743
382971546
489372156
793456812
354829671
315279846
657312894
824579316
923157846
514287639
297481563
687912543
239485167
132946857
531427896
687519432
482963517
231876549
865421397
167952834
435768192
471632895
489651327
532894617
235876194
862459371
275689413
635429718
487935261
925631487
567832491
437658129
539186472
813596427
285163749
841723965
476813952
485762319
365492718
346721598
281943675
138564972
713495628
592146873
143576829
349528761
529846371
718265943
952143768
435162987
867543291
561294738
753682491
139254867
419283567
716532894
562748319
938216475
276589413
849375621
861345927
437258169
914386752
149635782
598247631
197658432
745963218
169832754
586142973
781394265
256931478
571238964
283571694
584672391
893576142
731864259
169245387
238795641
629135748
742598631
783265194
378652419
692418375
782613945
658927143
356481972
576194823
541387926
978461523
432958176
536197824
574986231
732651984
246938571
623741958
471286935
914628357
437518692
149526783
739816245
637192485
534917628
846751923
576891342
742963518
457321968
659234178
231894675
946375281
671943258
561789234
682945731
596274381
816294573
923165874
137428569
756129384
956237184
592143786
637128459
637851924
462159837
251678394
137865249
637512948
726834159
465319872
635728194
384762951
359461728
324697185
538124967
217856394
369825417
426159378
249173685
378519462
218764395
843762519
279486531
589721643
821976453
893417562
861259374
819462357
912438756
859173246
867139254
281439675
659871324
947513268
329468517
683572491
238714569
159247386
218754693
148756329
563874912
458362197
863957421
576913284
295476183
318245967
145639278
569428371
835426791
698574123
652179384
483576192
815432769
463275819
579312684
364752918
621859743
627183594
179245368
325491867
465712938
354216987
649381725
246738915
198274365
842695371
893562714
658372941
269871543
513629874
246839715
714829635
417825396
793526814
291674853
469751328
158732946
165428739
498275631
516892734
531948726
517263984
273981456
178493526
934851267
374915682
769481352
926381475
687423159
516349278
532641987
498267351
765129384
685319472
354712968
234185679
983647251
478259613
725639481
715824936
784326519
416953278
965724813
783641952
165879423
946835172
428397561
984371652
842156937
594632178
425987316
483697251
914275638
643589721
793841256
596348712
521869734
162347985
945361782
759648213
783695142
432751869
594872361
795482613
362594187
916384752
831429576
769452183
184372596
271596834
642539187
652879134
275184369
289317645
496527138
985123467
498162735
985624317
461523879
619453872
235649871
519482736
794281635
524861793
632491785
671389254
289471536
569423718
984265317
762315849
284195637
451963827
123476859
198324567
756941283
285461379
843219756
142756983
985347612
238569417
389257146
583196247
531274968
125697438
851769342
718342569
189562734
476913852
391465728
319786245
179823564
843276519
745162839
312764895
364157892
621974583
146293758
192736584
659184372
945138762
276318495
298451763
836759412
293786451
139867254
876132945
815749623
821973564
876245139
546972138
795863241
281954673
589162743
635897412
568213749
597613284
368214795
542396817
258694173
347986512
413567928
152783694
548172693
415986732
257316498
274158693
471582369
925614783
231867945
327468591
275916348
658432917
154692378
428539176
865291734
542967138
728635419
132456798
973685241
536729148
457861329
129784356
785629314
682139547
936142758
238156479
983412765
423568719
978134526
642791538
851692734
194587362
693512847
429687531
792186354
149763285
427951863
649185732
273195468
256793148
495781236
573629184
841597632
615972483
765318942
437615982
329765148
472195683
817359264
326587491
349712658
914257386
782136945
894713562
765491238
814973562
529786134
783954216
169842753
673284915
324765189
328164759
527814369
142538796
615928473
391758462
529138467
461259837
517623948
724598136
816732549
681945723
178352649
973562184
326714598
547318692
843127965
279618534
879614532
271839465
642918735
815473296
635917428
485239167
176348952
675238491
326571894
697421538
932675841
764358129
675243198
216743859
239178645
728459361
758213694
257196348
958413762
962487351
572486931
895476321
578641932
726935184
179386425
347852916
154628379
987325146
463785912
149682573
794128653
936417852
817456932
654327891
268431597
243179568
457861932
527396481
937421586
671938542
476319582
467158293
294563817
384729561
325184976
948756213
791862534
729163584
326145879
637845219
567839412
157628943
412673598
632891457
948671532
592416738
351279684
923784516
963451278
635128479
386271594
562147389
342167859
851493726
364125789
675281934
954713826
154389726
417528963
231857964
527416398
894275163
635497218
178492536
235167948
798453126
542398761
693124785
682519743
731984526
715926438
592761438
412753968
269174583
251347986
654713928
278591634
719853246
419527368
945326178
937412658
726538914
632915487
175893462
894165723
325781946
146982537
864971253
534892617
754319682
376452918
547139268
561849237
548261937
645297138
917645283
179386524
917425683
964178532
856791423
392164758
435726189
735821649
168294537
738162954
932781645
628147359
896523417
457219863
497152368
256318479
876594132
146982573
381259674
514792836
392516784
176398254
784653129
843671259
348627195
573192864
978312465
817634925
273615849
465213897
423785619
457896231
297843516
149385726
534289167
182547369
724396815
925813764
345928671
251978436
953127846
716938524
658932417
125784693
563748219
263751894
483925671
157329846
735419628
657329184
736521489
468739512
678392541
694721835
953712846
618792345
384156792
182367549
728965314
218963457
875362419
837925614
413792865
865129734
958173624
189273654
354618792
671982345
342918675
763594281
586471392
539186247
847912653
376419528
913427856
439781562
367524189
748316259
785943621
239714856
546318972
532187946
146398257
643158297
478361259
284756913
361549782
127593468
963584172
157684923
149865732
768591432
649275813
569871243
852719643
368147529
794265813
598632417
147836592
386421975
952476138
739514862
645379281
628937154
247356819
843756219
879315462
764312589
678452319
572394681
924517863
947186235
145938627
547216389
965832174
685324791
295164837
532497861
436579218
185927643
682345791
546819372
583491726
846397152
961732458
894123675
471582936
974528163
432986157
238645971
574316298
914658237
598427163
851746239
835196427
927156384
594871236
738465291
863714952
475692831
813256497
281693745
927583146
932517486
624783195
497521368
592186347
371269584
341652978
682719453
594618237
531426789
869574231
287543619
729835641
461792583
831724956
237965184
435189672
493615728
397826154
364278195
231976548
357986142
317645892
961824357
947621385
934215786
749258361
753692814
365921847
176354928
378649152
451326978
875134962
359182647
917462358
948735621
437968215
182963745
793621548
471932856
318965274
234851967
194328675
325648791
378421596
196574283
435986721
465132978
928673451
536987124
465173298
638754219
628395147
561327489
467298135
376218594
694371258
715648923
958174263
923645871
547916328
492317856
439567218
786153942
894716532
589274163
132965874
837154269
483652179
893617425
439768251
419875263
567384912
851249376
352946718
157268943
781942536
258419736
897341256
986374215
832561947
674598123
768425913
817649352
618475239
256789413
382769514
497536281
854976312
367589142
687195342
392857146
175438629
542317968
254391867
536298471
852694317
159367842
875193426
267348519
869521374
351794268
579268341
769281534
219487563
268319457
453812976
956423718
269738541
948173652
425916783
318524967
381725694
413872569
321547698
187542936
967345812
791324658
963217458
853712649
614987352
431562987
265741398
539724618
312976458
289163574
986713524
381475269
372619548
174695238
168592374
793642158
684315297
397514628
273948516
637421598
864921753
491352678
398672541
834762195
879513264
716523498
579218634
195823476
794652813
584217693
854921736
374628519
137946582
429875136
392164875
578314269
675349128
624735981
832675914
567213849
869214537
342798651
814673259
478526391
217495368
856179324
368291574
863271954
524631978
412695738
891763524
697412538
438572961
416835792
632451897
964213875
832976415
842569713
142879635
192346875
925384761
846237519
159348267
397865124
647953182
629784351
385674219
658312794
453672198
985762341
368127945
427539186
751392846
831274965
734258169
287643915
187936452
372519864
239165874
165342978
168975342
352718964
437896251
692138754
681437295
197564382
158649723
871964352
598376124
598216473
231956478
246985713
579483162
364582917
514983267
792435861
957813426
431657928
582914763
835914267
156827439
184962735
621834759
894217365
375148629
785142693
634527981
794615823
247635918
173846925
436572981
276895134
893547162
736598142
683471925
416892375
615247389
945138726
134967258
483259617
571264389
169325784
968351472
741385962
631924587
643857921
735649821
193746528
781962354
682751493
845173962
764283519
752416893
438196275
831495627
354721986
469351872
635971284
432681759
561842937
562134879
235986417
824679531
462185739
954138726
189472536
264791385
693845721
547932186
854376219
426851973
675248139
258943167
398421657
289753146
186953247
743658921
689374251
836149725
156872394
732196845
679254813
879146253
239451876
528149376
589271436
529187364
651487293
193284576
497562381
841753692
198743526
345789162
432871695
761859234
592376481
659471823
946158372
715639842
853174962
275194638
135498267
328741659
752416389
187349562
735962814
927614358
347856912
147563928
784612593
634257918
684359712
128496573
562489137
827594163
459287163
264713958
634895271
453826791
198634275
428371695
531276984
734951628
142368579
619582374
481352697
275481639
451392867
759231468
175648932
375419682
317256489
253849761
356921487
469872135
536819724
716892453
239547681
892456317
967125483
593862741
581237496
573928416
194687532
619374852
951463872
632879541
127943658
498613257
418769235
359167428
584962713
825137694
381294756
561789243
463821957
524791683
784216359
138594726
781342965
824697351
763129854
452913687
184269357
497812635
376189425
184937562
659428731
249716538
431782695
578642391
948732561
456798321
483256917
148395672
156849723
756812943
627541398
453167289
648239517
196385274
429538617
387196254
815972436
928651734
985673421
618547293
526143987
892546173
426981357
637521849
475136982
915268437
168793524
213956874
326871459
973164582
231567849
814359726
432817695
674139825
619453278
638521497
835279164
248163795
126934857
249865731
865417923
283416975
296873145
317645289
468395721
742136859
819456327
718652943
384571692
385496127
724391568
432816957
643975218
485172693
516873249
938416572
695273481
234587916
869453271
241957368
763918254
367419582
538194762
715492368
612843597
196548372
713842695
465891723
982365741
297463158
396471258
128639547
418297563
243978651
541637298
294371568
876412359
586432917
827354196
859763214
867154329
748126359
635192478
713864295
857193642
135429678
984362715
583261749
942576381
516928374
841972536
742361985
294358716
658237419
756192384
395482617
258761934
397251864
298357164
138946275
738954216
327814569
561892734
469215378
734125689
196348725
159428637
712384659
593174268
953762148
562948137
917258346
312857649
435792618
125896347
672183945
147895623
461289357
793165842
927615438
582396714
176538942
562391784
239784516
495832761
847635129
973658412
538467291
761549823
647958132
428175639
691523487
617439825
846397512
283719456
542967138
653814972
962143875
614389275
719642538
459863271
951243867
789432165
723416598
762815349
526439781
634528197
512973864
495127863
384179526
275384691
684951372
876152943
624397851
583927641
674159328
159826473
974351268
361452987
974562813
943816527
267413859
462853791
382649571
271834956
371846259
785461392
835462917
293651874
498657231
258764931
367459281
519437682
985236741
369475218
293875146
465178239
142839657
152396748
826415397
534267819
756293418
829456713
316548972
768421593
641379852
194875632
251379846
639584271
937461528
613842795
854326719
971438256
639287451
358612479
348261759
381254697
731548629
824971365
149652387
913726854
839461752
572849613
451632987
932147586
713269845
829513467
824159367
879156234
271568493
817435926
394871625
361954287
937246851
749315628
382145967
914582637
814275369
917683245
245863179
645927813
276935418
375846912
598412376
726154839
491723865
394675821
923846751
814753926
182563974
681274935
743628591
389671542
981725463
546179328
251698374
142539687
215438769
186725943
162798543
432956187
357894621
714398652
342658197
185329674
132486957
654872913
961743258
894721653
673145892
937825461
631572489
817963524
961753248
836749251
981725346
793168524
296478513
147635892
364719582
231948567
726843159
182643957
836594217
689124573
346259871
894125376
216937485
495321786
852637149
723468591
537642981
321798546
769481253
597184623
618524397
341876295
651948237
465387192
759682143
659287341
218675439
218547639
975628134
794618235
378296415
517826934
485962713
594782163
491265387
793524618
746913528
714986523
356491278
746392518
852643719
287634195
718965423
186945732
569123874
621458937
831957624
637815942
193864572
534196872
287316954
614375298
364827195
641985237
719435862
238649175
859246713
325681974
687129345
375864219
941528376
985742163
194283567
159462873
741329685
751896234
534196872
349172685
654872193
476928153
769218345
162798543
289671453
914286735
965184273
326594817
294317586
628397541
671382549
963874215
285746931
387614295
731586492
836241597
935417682
891465732
947581326
459327681
561938724
487259361
127549863
469328157
284539176
173624985
458362179
298543716
972158364
153246879
514369782
465871932
563984127
473269815
172469538
578329146
691352847
415872396
462598137
192768534
542679138
957634218
932671458
592736418
129645837
751986234
265734918
517436289
923876415
153297684
617259384
235184697
217896543
598671342
465389127
127384569
894615372
629154873
475963281
931258467
854193726
896145273
473581692
397586412
128739654
286341975
952768314
951362847
286954173
654713298
475298361
174652839
128537946
348761952
683172549
817264593
659148327
397682514
154397682
815237496
571283946
426179385
165794238
472136589
632154879
942761835
635182947
513982647
485739621
317865429
476132958
749512863
318526947
367851942
986257134
742139856
486251397
932486517
816324957
274396518
879651243
269457183
186759423
597324168
573694182
951473826
984516732
983567412
546972183
392647581
648257193
541392876
836547921
375246918
751648392
931685274
285964713
851762394
789435612
718495236
839165472
823415679
851629437
423985167
945863271
498261537
816597243
529841736
352146987
349851267
594678132
683124597
358672914
974651328
342695781
175928643
781265349
296387145
952648731
412879536
649573182
193582476
214935768
431675892
843169572
218564397
137829456
516432897
596748213
985413672
928643157
651249837
368149527
813254976
897526413
743956182
186573429
187492653
371498625
412956738
352976148
294183576
138247659
764528319
392158674
389427165
816479325
357948261
789416532
945628173
724839651
638274591
658492317
815263794
549728613
957382641
519248763
129874356
314862759
219487356
865134729
631528479
832167594
625138794
718349265
845321769
814296753
832967145
674189523
986351472
536789241
812957643
164237859
495268713
452317698
375428961
418965732
279561384
492637815
495162837
735412689
563781924
145287369
675312948
513987642
431576892
295478136
712839465
632918754
847261953
769234518
237518496
856429371
136529478
347582196
149238765
721945638
981763245
724613589
649817235
137694582
864179523
712465839
324765918
328965147
371642985
796248315
896143257
526897431
584613792
397514682
389254761
416935287
723648519
617385429
147932856
781395642
246153798
741689253
413297658
183564297
623741589
237459681
281957643
632589714
523614978
724958613
298146735
481596723
986453217
728563194
782695143
183574962
137964582
795148362
935842167
287139546
594823167
517829463
718645923
213487956
739852416
792836451
543986172
587426139
142375689
342179586
235481967
258931476
482169573
962815347
652149378
217536489
864972135
182739546
758362419
435892716
923514867
189763425
219467385
746539812
276914835
489265137
694178352
347216958
819746235
259368741
597324816
723169584
498521367
273516489
392768145
648193257
321659487
654318279
765821493
629781453
263498517
819362475
624375819
319762584
472156938
831642759
269514387
296137485
935248671
365974281
169453278
173645892
126748935
865731249
768493251
791532486
567248391
695183247
639752184
842519376
897316452
751894263
645312987
957134862
697182453
586234917
872951643
156849273
159376842
926754831
638951742
467952183
546827319
734695128
758234961
584126973
867159342
892341657
467189532
735124896
478256319
736458192
297518364
495781632
691752438
562149378
731254869
198645732
415783629
875439126
827915346
815762349
649835271
659134278
649538271
745192368
167958324
573614829
175238964
861952473
928745613
498325167
514672839
612785394
837192465
376249815
812379564
796548312
594316278
832159746
361925874
418275936
742931685
164893725
641927835
731594286
381542769
345218679
149587623
594623178
356784129
359874162
715926348
326791584
457269183
672518349
316584972
963178245
389756124
815432967
916248753
395476128
847596123
296743158
834912756
543268719
845931762
982516734
295637814
751493682
371982465
872945316
861754239
723658914
365782491
258169374
293871645
314982567
917326458
195768324
156847239
921374685
637915428
437619285
512678943
386421975
548179236
813769524
695738412
694871253
359612478
498562173
859621437
479315628
762835194
817549326
273485196
975416283
457896312
794613582
189763245
526871493
564891273
179465832
643728951
967814253
478591362
176834259
753246198
754926831
735219684
861294735
431876952
941657283
592837146
845397621
247193865
821974635
753946812
821936457
375921846
218647953
129765843
692574813
381745269
398672415
895412736
517268394
936147528
763954812
349758126
537142689
236145897
189476523
873962514
368472915
259467183
845329176
319274658
851974326
374295168
713486925
625148397
824671539
952361748
978536124
875912643
968723451
395642187
398567421
196745328
715682439
961385472
592368417
894263715
547631298
486975132
978156432
468175239
213957846
463198572
295367814
351269748
675149382
678539214
173694825
253198764
562713984
162957843
451237698
531246987
834172596
298357614
197643825
578149632
645729318
856723194
389426571
328597164
498251763
573648912
968713452
628159347
374569812
619528347
937214586
921645783
521693748
593728641
862953471
283145967
718264593
218475693
746319285
326875194
423659817
782659134
715326498
342891657
368574192
268514397
198347562
913865724
263798415
481369725
623894715
926517384
632751498
462378159
591736248
639412875
947238516
879354261
392168547
617852493
694273581
874359261
825471963
124936857
213695784
193452768
256341789
981362547
529164837
782953416
746952318
897435162
521348697
297163485
489623517
389157426
948571362
261798354
169783452
385274169
645328179
386497521
643798512
361482957
913468572
429653178
845632197
465723189
148957623
384519672
675481923
396128574
826753941
653472198
276319458
351798624
861739452
165798324
812475639
543619782
893271465
861243975
691532874
613954782
831672459
356982741
982713654
254718693
512643987
354869217
625973418
539148627
187523694
527398461
963875142
537962418
167825943
426189375
798543216
534962817
457123698
658279413
512784396
218395764
842167395
914875362
614398572
437861592
813746952
185492673
489751623
794521836
482965173
749635128
357248196
512784396
825376149
983417265
579436281
927435681
638597124
182493756
397156824
478239165
387152469
372498165
876541392
645879213
235916748
289465137
629147538
521467938
698517342
862934715
758631924
527413698
913847256
426793185
638145279
864951723
154927638
914357628
321798546
645379128
945683172
235876491
852796134
487596231
964815237
514627398
835726194
897342516
251647983
678532419
592413867
754963218
391584267
274569831
461782395
576423819
875946312
613728459
652431897
962354187
315847629
158736249
298647531
541627839
631857924
863459127
649325718
659234718
841736592
748215639
246357189
629487135
736891524
832465917
187593462
836941725
825614739
735964218
384975621
378165294
942368715
168597243
423617598
916387254
324718569
463928715
138297645
458173269
569412378
645792831
962357148
831945627
385196427
416759238
248356917
694573218
592381476
194753268
974581632
184362795
925816437
836492157
983276415
653298471
362917548
325796418
214856973
831954627
738295641
152978346
348125769
645287931
768134592
492637815
679125483
748215936
796283514
875423169
873241956
439651782
415637829
821637594
839642571
126479835
278361459
718349256
216745983
342789165
431852769
586413792
128493765
732694518
278196453
731894526
579281346
865391472
285974163
593184672
916375482
397825614
815436297
716852439
394152768
541698372
763589124
741258639
125837469
157683942
453962871
823564197
812346579
167284539
728436951
473528916
615973482
156248739
714825963
547631982
428693157
897534621
284397156
784259361
943756128
953671842
127536498
359241876
279384615
894263157
578934216
867459312
219346758
579638241
258649371
867243519
458712936
629817453
178364529
985327461
895316274
697182354
413625987
637145928
845726139
831429765
461923587
879314526
638524719
587149362
197253864
924315786
615824937
869347125
291347865
652947831
368749251
496158237
358421697
168439527
391726854
986342517
598426173
849531672
182579346
386254719
196835247
157986342
972345861
198532647
125379846
814365279
318972456
869527341
178539642
231745896
218673594
738462195
475918623
284617359
845316927
875413296
375864921
698543217
869742153
892615473
639752184
489126375
576938421
813647295
574381926
298567431
756241983
514968732
971542638
421376985
421639587
192874653
691832745
862197534
391487526
631957284
731248965
685312749
192538746
871352946
167593842
317259684
345798126
417562983
428631975
418729365
485291367
739641852
697382541
956238714
541726398
647983521
496312758
495681732
873692451
732854619
217439568
586247913
632417598
862317594
175863924
276938541
349817256
956217438
623814597
173295684
275183694
952386471
912475863
958473162
693782514
452693178
397156842
892753614
836741259
263497851
738596412
719542386
891764523
413275968
547683219
598746123
178269345
651748329
986417235
193648527
625481739
958637421
495618732
451839672
438791256
613528749
472156389
627941385
162789534
973125486
852694137
423976851
381547962
523794816
193782654
572468319
694725318
572431869
721865943
762859314
654723981
267193485
691547238
423761895
397654218
513764928
639427815
278641935
312895476
428967135
437251698
285673941
642195738
621947583
213674598
358197264
472986351
678932145
586437291
958314276
153879246
792841365
417283596
723894615
294153678
578496321
314289576
528473691
472691358
567239148
164387259
631928547
243156987
659784123
256193478
712645389
943581627
265948731
412568973
562137498
347581692
564298713
235497861
254197368
921645387
285147963
235947816
964758213
918427635
973685412
852379461
382651974
472863159
849316257
375264891
237159846
684329751
835429617
146952378
627841953
697235841
941768523
867429135
279531468
417582396
673125849
157384269
735214896
937682145
713549682
364781925
672348591
186542397
874312596
936548127
142576398
751296438
563982714
836927415
354697218
596482713
862475139
294658371
289135746
948612357
316587492
352641978
698347125
531687249
285743691
645231789
843659127
382946751
634579281
135786492
695348217
417568932
569341728
952471368
135792486
416287593
561497382
324598716
976328415
257146839
316845729
596841372
864259173
819246753
247839651
128634795
647892513
497361582
816273954
476591328
432758691
971683542
518264739
639571284
195876234
956318472
327186945
629714358
389754126
451639728
549213678
754128936
168732945
813254967
293617485
958361427
623471589
641325978
184295736
127438956
563189472
629571483
694528713
761839524
851327964
916532748
532419876
178532469
546973281
654231897
467853912
952378461
452937816
864731925
476829315
178436259
549138267
796231854
156378492
257134896
916327584
926713854
463897125
638145297
792314865
914873526
426798135
987456213
756321894
158276394
389172645
368295471
514682397
549617328
137859426
645912783
783165924
758416392
815437296
723945816
368512749
516742389
641283579
392481576
917536482
587432619
547329681
671923584
821937645
498263175
846192735
546839721
685473192
457693812
719623854
574196382
719286453
785314269
574263819
294618753
419365827
915237648
164397285
294185637
471563892
495826137
159347862
571694832
873461925
124576893
154726398
245937618
947683512
841632975
162793854
138957462
254631978
425796381
697134258
482351769
143297856
496731528
596372184
547816932
598621347
839614752
936412578
276439185
325841679
459861732
817265934
128364975
137465892
175293486
639248751
428317965
957183426
564217938
146953872
857239146
728413695
716524893
593472816
471596283
354719268
254796318
248569173
697483512
145736829
956321478
517234689
187324659
398174562
568172439
587314629
981427365
278594316
164572983
675342981
579843612
451738926
189463527
675294831
538694172
268574931
342586197
385426791
873954126
932465871
596473821
384597612
286459317
368179245
748536129
915768342
139256748
127954836
275841369
317259864
892641573
123847569
243569178
738149625
472983156
684571293
458973612
247981536
497123658
834716952
426137589
584792136
813257694
651839274
465283971
328675491
258463791
436815297
341925768
123479865
631859427
538964712
741826935
436792518
869237541
631749528
176953482
642537819
348521967
518362794
628517394
215478693
261953784
316958472
396425178
137459826
628731459
834972165
153768942
678394152
176453289
524791863
156479832
795218364
639847521
435829176
186794235
814529736
725863419
327856419
195678324
874216953
465178293
265419738
749258613
658497123
594782136
674185293
954867231
457329681
534189726
469831257
326789451
784356129
529364718
163842795
375619248
137268459
697543218
389652147
934625178
921453768
547839612
487162539
716439852
369471285
956423178
781463925
179584236
571398426
671938245
379268514
839267451
951234678
239156874
873164295
127865493
581924736
682574913
629185473
517498623
193826547
853746291
641375928
893642157
674813925
964527381
397654821
673249581
273648195
521893647
795136824
573829641
253849176
386957214
483516297
572396481
293176845
874123695
913628475
329685147
628139475
862951347
831762954
213648957
269745318
861359274
957862341
725196483
439726815
618359247
153879462
753849621
216978435
372584961
257863194
291654738
298674351
214568397
436875129
965284173
471693258
384569127
156978432
937415682
721563948
374196825
619427853
673295148
917324865
162539847
821649375
318752964
658427139
429613857
879513426
572916843
387691245
196872435
463172589
198762345
837546129
127495863
163978524
528416397
845627391
461235798
913657824
954872361
935748126
921758364
625831497
379265481
284937156
147628593
694371285
917264385
743198562
152789643
165428379
873124659
298345671
543619827
268539417
271956384
971583246
825134679
653412798
869342715
835641927
694872153
378914256
856173429
659842137
526813497
945172863
348921657
485369712
513294786
473985621
793165284
864352197
657134829
526834917
163948275
374586129
532647891
953248716
496381572
152367894
713624895
794325861
485271396
643785219
926741835
964315278
823476915
319427865
